image_width: 640
image_height: 480
camera_name: left
camera_matrix:
  rows: 3
  cols: 3
  data: [485.738161, 0.000000, 324.535819, 0.000000, 485.833785, 246.193427, 0.000000, 0.000000, 1.000000]
distortion_model: plumb_bob
distortion_coefficients:
  rows: 1
  cols: 5
  data: [-0.413366, 0.156388, 0.000245, -0.003607, 0.000000]
rectification_matrix:
  rows: 3
  cols: 3
  data: [0.999908, 0.002058, 0.013442, -0.002017, 0.999993, -0.003088, -0.013448, 0.003061, 0.999905]
projection_matrix:
  rows: 3
  cols: 4
  data: [441.721759, 0.000000, 309.460056, 0.000000, 0.000000, 441.721759, 243.907478, 0.000000, 0.000000, 0.000000, 1.000000, 0.000000]
