image_width: 640
image_height: 480
camera_name: right
camera_matrix:
  rows: 3
  cols: 3
  data: [485.968602, 0.000000, 311.917910, 0.000000, 486.254366, 240.980089, 0.000000, 0.000000, 1.000000]
distortion_model: plumb_bob
distortion_coefficients:
  rows: 1
  cols: 5
  data: [-0.415939, 0.161815, 0.000271, -0.000236, 0.000000]
rectification_matrix:
  rows: 3
  cols: 3
  data: [0.999976, 0.004113, 0.005544, -0.004130, 0.999987, 0.003063, -0.005531, -0.003086, 0.999980]
projection_matrix:
  rows: 3
  cols: 4
  data: [441.721759, 0.000000, 309.460056, -191.093357, 0.000000, 441.721759, 243.907478, 0.000000, 0.000000, 0.000000, 1.000000, 0.000000]
